[gd_scene format=3 uid="uid://cfbvjoa4hnoxc"]

[ext_resource type="Script" uid="uid://o3qosw3a62tg" path="res://Scripts/MainMenu.cs" id="1_1ehe0"]
[ext_resource type="PackedScene" uid="uid://c760tb1x1r8uo" path="res://Assets/Models/Cube_Prototype_Large_A.gltf" id="1_48xlc"]
[ext_resource type="PackedScene" uid="uid://bwetauijt15im" path="res://Assets/Character/Player.glb" id="2_1ehe0"]
[ext_resource type="Environment" uid="uid://2v5fiyyat8hn" path="res://Scenes/new_environment.tres" id="2_ce3w2"]

[node name="MainMenu" type="Node3D" unique_id=1644724658]
script = ExtResource("1_1ehe0")

[node name="DirectionalLight3D" type="DirectionalLight3D" parent="." unique_id=1526184094]
transform = Transform3D(-0.8660254, -0.43301278, 0.25, 0, 0.49999997, 0.86602545, -0.50000006, 0.75, -0.43301266, 0, 0, 0)
shadow_enabled = true

[node name="WorldEnvironment" type="WorldEnvironment" parent="." unique_id=1428154724]
environment = ExtResource("2_ce3w2")

[node name="Cube_Prototype_Large_A2" parent="." unique_id=830481767 instance=ExtResource("1_48xlc")]
transform = Transform3D(1, 0, 0, 0, 1, 0, 0, 0, 1, -0.308527, 1.1920929e-07, -0.24250174)

[node name="Player" parent="." unique_id=1095165396 instance=ExtResource("2_1ehe0")]
transform = Transform3D(1, 0, 0, 0, 1, 0, 0, 0, 1, -0.26165658, 4.000027, -0.12302327)

[node name="Skeleton3D" parent="Player/Rig" parent_id_path=PackedInt32Array(1095165396, 1775035813) index="0" unique_id=1598530247]
bones/0/rotation = Quaternion(-8.557133e-09, 1.2043154e-07, -2.0610973e-15, 1)
bones/1/position = Vector3(-3.7283793e-22, 0.39206377, 1.271645e-15)
bones/1/rotation = Quaternion(-2.1391724e-15, 0.043157768, 1.8626456e-09, 0.9990683)
bones/2/rotation = Quaternion(-7.28584e-17, -3.725288e-09, 7.0472704e-17, 1)
bones/3/rotation = Quaternion(6.436157e-15, -8.913633e-15, 6.9605885e-17, 1)
bones/4/position = Vector3(0.21200734, 0.13413203, 9.82268e-08)
bones/4/rotation = Quaternion(-0.5599062, -0.06088008, -0.6439745, 0.5177794)
bones/5/rotation = Quaternion(2.2101469e-07, 5.768801e-08, -0.4947194, 0.8690529)
bones/7/rotation = Quaternion(-0.3210653, -0.3253187, 0.14572598, 0.8774103)
bones/8/position = Vector3(6.3307776e-10, 0.09612522, -0.057500016)
bones/8/rotation = Quaternion(1.1171833e-07, -6.3439856e-08, -0.7071067, 0.7071068)
bones/9/position = Vector3(-0.21200739, 0.13413203, 8.086361e-08)
bones/9/rotation = Quaternion(-0.6182438, 0.080728374, 0.6180117, 0.47887278)
bones/10/rotation = Quaternion(2.1876532e-07, -7.292859e-08, 0.51793927, 0.85541743)
bones/12/rotation = Quaternion(-0.31929126, 0.3005242, -0.22734971, 0.8695116)
bones/13/position = Vector3(-2.06436e-08, 0.09612508, -0.057499968)
bones/13/rotation = Quaternion(1.0656667e-07, 5.8054667e-08, 0.7071067, 0.7071068)
bones/14/rotation = Quaternion(-6.366093e-15, -0.03134165, -1.8626448e-09, 0.99950874)
bones/15/position = Vector3(0.17094508, 0.11358722, 2.4869001e-08)
bones/15/rotation = Quaternion(0.9937152, 0.08371458, 0.0735038, 0.010918558)
bones/16/rotation = Quaternion(0.19560221, 7.079181e-08, -1.3610575e-07, 0.9806834)
bones/17/rotation = Quaternion(-0.5175639, -0.20949666, 0.043654826, 0.8284522)
bones/18/rotation = Quaternion(3.313451e-09, 0.9203548, -0.3910845, 1.856144e-07)
bones/19/position = Vector3(-0.17094508, 0.11358734, 3.3676062e-09)
bones/19/rotation = Quaternion(0.9973222, -0.02945736, 0.03152928, 0.05904828)
bones/20/rotation = Quaternion(0.2740081, -7.208485e-08, 1.9092427e-07, 0.9617275)
bones/21/rotation = Quaternion(-0.55903924, 0.11451283, -0.008627658, 0.82115006)
bones/22/rotation = Quaternion(5.7989546e-08, 0.9203548, -0.3910845, 4.716477e-08)
bones/23/position = Vector3(0.1709449, 0.2923103, 0.5758124)
bones/23/rotation = Quaternion(0.70710665, -2.253338e-07, -5.0023715e-08, 0.7071069)
bones/24/position = Vector3(0.20218207, 0.025990257, 0.20518114)
bones/24/rotation = Quaternion(-0.70710665, -7.2600365e-08, -7.260034e-08, 0.7071069)
bones/25/position = Vector3(-8.349801e-10, 0.36283255, -6.2992317e-10)
bones/25/rotation = Quaternion(-7.4271426e-08, 1.3961178e-08, 0.98571914, -0.1683977)
bones/26/position = Vector3(-4.3802896e-08, 0.21343602, -1.2646779e-08)
bones/26/rotation = Quaternion(-1.3338308e-07, 0.3910844, 0.92035484, 2.1265048e-08)
bones/27/position = Vector3(2.5530154e-08, 0.16564995, 5.080283e-10)
bones/28/rotation = Quaternion(1, -1.4564918e-08, 1.9875671e-07, -1.03376806e-07)
bones/30/position = Vector3(-0.1709452, 0.29231027, 0.5758123)
bones/30/rotation = Quaternion(0.70710665, -3.426997e-08, 1.4104013e-07, 0.7071069)
bones/31/rotation = Quaternion(-0.7071067, -7.260035e-08, -7.2600336e-08, 0.7071068)
bones/32/position = Vector3(1.2623846e-08, 0.36283255, -7.9680074e-10)
bones/32/rotation = Quaternion(-9.365151e-08, -8.436199e-09, 0.9948094, 0.10175613)
bones/33/position = Vector3(-3.5931933e-09, 0.21343602, -1.6278202e-08)
bones/33/rotation = Quaternion(-1.470218e-07, 0.3910844, 0.92035484, 2.414675e-08)
bones/34/position = Vector3(-9.039587e-09, 0.16564997, 1.7031626e-08)
bones/35/rotation = Quaternion(1, -1.4614181e-09, 1.9329808e-07, -8.754432e-08)
bones/37/position = Vector3(0.45350745, 1.1067609, -0.58885926)
bones/37/rotation = Quaternion(-0.7071068, -7.0124045e-08, -7.0124074e-08, 0.7071068)
bones/38/position = Vector3(0.52084064, 0.7883121, -0.057637375)
bones/38/rotation = Quaternion(0.7946268, -1.4156103e-07, 0.60709834, -1.0058284e-07)
bones/39/position = Vector3(-0.45350716, 1.1067609, -0.5888597)
bones/39/rotation = Quaternion(-0.7071068, -7.0124045e-08, -7.0124074e-08, 0.7071068)
bones/40/position = Vector3(-0.51084375, 0.788312, 0.059736874)
bones/40/rotation = Quaternion(-0.7582528, -2.533197e-07, 0.6519607, 5.2154057e-08)

[node name="handslot_l" parent="Player/Rig/Skeleton3D" index="0" unique_id=1260353863]
transform = Transform3D(2.4934945e-07, 0.26286322, 0.96483296, 0.99999994, -1.3709067e-06, 1.8748568e-07, 1.2931587e-06, 0.96483314, -0.26286328, 0.5077682, 0.6367042, -0.018521428)

[node name="handslot_r" parent="Player/Rig/Skeleton3D" index="1" unique_id=695282650]
transform = Transform3D(7.0403e-07, -0.14989457, -0.988702, -0.99999994, -1.2218952e-06, -4.3803288e-07, -1.2003562e-06, 0.98870176, -0.1498945, -0.49106088, 0.64102876, 0.10659523)

[node name="chest" parent="Player/Rig/Skeleton3D" index="2" unique_id=354247244]
transform = Transform3D(0.9962748, -3.7218175e-09, 0.08623534, 2.2459636e-09, 1, 1.721128e-08, -0.08623534, -1.695348e-08, 0.9962748, -2.110141e-09, 0.9590291, -1.6321923e-08)

[node name="AnimationPlayer" parent="Player" index="1" unique_id=1858161530]
autoplay = &"Idle"

[node name="Camera3D" type="Camera3D" parent="." unique_id=1121418718]
transform = Transform3D(0.98939407, 0.057101224, -0.13356242, 0, 0.9194932, 0.39310598, 0.14525656, -0.38893673, 0.90974104, 0.7627537, 6.645081, 3.8457212)

[node name="CanvasLayer" type="CanvasLayer" parent="." unique_id=94830478]

[node name="Label" type="Label" parent="CanvasLayer" unique_id=557852707]
offset_left = 1302.0
offset_top = 342.0
offset_right = 1662.0
offset_bottom = 463.0
theme_override_font_sizes/font_size = 120
text = "跳跳乐"

[node name="Button" type="Button" parent="CanvasLayer/Label" unique_id=834268079]
layout_mode = 0
offset_left = 53.0
offset_top = 138.0
offset_right = 301.0
offset_bottom = 207.0
text = "开始游戏"

[node name="Button2" type="Button" parent="CanvasLayer/Label" unique_id=635498874]
layout_mode = 0
offset_left = 53.0
offset_top = 245.0
offset_right = 301.0
offset_bottom = 314.0
text = "退出游戏"

[connection signal="pressed" from="CanvasLayer/Label/Button" to="." method="StartGame"]
[connection signal="pressed" from="CanvasLayer/Label/Button2" to="." method="ExitGame"]

[editable path="Player"]
