[gd_scene format=3 uid="uid://c5gku7fu1n20v"]

[ext_resource type="Script" uid="uid://duowxbvwrb5uv" path="res://Scripts/enemy_tree.gd" id="1_1n6lp"]
[ext_resource type="PackedScene" uid="uid://bvlo8i8gt5p6s" path="res://Assets/Enemy/Barbarian.glb" id="1_s06e0"]

[sub_resource type="CapsuleShape3D" id="CapsuleShape3D_1n6lp"]
radius = 0.6435547
height = 2.4326782

[node name="enemy_tree" type="CharacterBody3D" unique_id=468094801]
script = ExtResource("1_1n6lp")

[node name="model" type="Node3D" parent="." unique_id=1101532176]

[node name="Barbarian" parent="model" unique_id=93017236 instance=ExtResource("1_s06e0")]
transform = Transform3D(-1, 0, 8.742278e-08, 0, 1, 0, -8.742278e-08, 0, -1, 0, 0, 0)

[node name="Skeleton3D" parent="model/Barbarian/Rig" parent_id_path=PackedInt32Array(93017236, 1313899774) index="0" unique_id=2047064020]
bones/1/position = Vector3(0.008410764, 0.3780459, 1.2184853e-10)
bones/2/rotation = Quaternion(-0.060599465, -0.13028215, -0.007978079, 0.9895912)
bones/3/rotation = Quaternion(-2.220446e-16, -3.57567e-09, -2.8574743e-10, 1)
bones/4/position = Vector3(0.24804358, 0.110857, 0.0825816)
bones/4/rotation = Quaternion(-0.57771325, -0.24936377, -0.7347097, 0.25350922)
bones/5/rotation = Quaternion(2.5753108e-08, -7.402601e-08, -0.55024576, 0.8350027)
bones/7/rotation = Quaternion(-0.19524252, -0.6725355, -0.05316524, 0.7118637)
bones/8/position = Vector3(8.348362e-10, 0.096125156, -0.057500064)
bones/8/rotation = Quaternion(-6.2927796e-09, 4.2439314e-09, -0.7071068, 0.7071067)
bones/11/position = Vector3(-0.17668214, 0.11170339, 0.0891542)
bones/11/rotation = Quaternion(-0.2483192, 0.34150413, 0.84217364, 0.3353446)
bones/12/rotation = Quaternion(1.5490288e-08, 4.435941e-08, 0.5730907, 0.8194921)
bones/14/rotation = Quaternion(-0.23458411, 0.22342964, -0.11361776, 0.93922335)
bones/15/position = Vector3(-8.348291e-10, 0.096125126, -0.057499945)
bones/15/rotation = Quaternion(0.1557105, -0.1894554, 0.67028934, 0.7004093)
bones/19/rotation = Quaternion(0.085426524, 0.1304414, 0.0047045117, 0.9877577)
bones/22/position = Vector3(0.17094505, 0.11358726, 1.3923275e-08)
bones/22/rotation = Quaternion(0.9937275, 0.073376715, 0.039186787, 0.074738905)
bones/23/rotation = Quaternion(0.3502381, 6.513401e-08, -2.4530632e-07, 0.93666077)
bones/24/rotation = Quaternion(-0.5921313, -0.21350104, 0.053836793, 0.7751771)
bones/25/rotation = Quaternion(-3.7181167e-08, 0.9203548, -0.39108446, 6.663793e-08)
bones/26/rotation = Quaternion(0.9911832, -0.039242405, -0.011746347, 0.12600763)
bones/27/rotation = Quaternion(0.38903534, -6.2936806e-08, 2.685019e-07, 0.92122287)
bones/28/rotation = Quaternion(-0.6028573, 0.11208666, -0.02807574, 0.7894374)
bones/29/rotation = Quaternion(3.3847822e-08, 0.9203548, -0.39108446, -6.805535e-08)
bones/30/rotation = Quaternion(0.7071068, -2.2930234e-07, -4.6055177e-08, 0.7071068)
bones/31/rotation = Quaternion(-0.7071068, -7.052851e-08, -7.0528486e-08, 0.7071068)
bones/32/position = Vector3(0.030839492, 0.38245776, -2.8668688e-15)
bones/32/rotation = Quaternion(1.0013814e-08, 1.91522e-09, 0.9846389, -0.1746031)
bones/33/position = Vector3(3.752948e-09, 0.21343613, -1.0342986e-08)
bones/33/rotation = Quaternion(-9.998893e-08, 0.39108434, 0.92035484, -3.3950656e-08)
bones/34/position = Vector3(2.3491044e-08, 0.16565004, -5.091363e-09)
bones/35/rotation = Quaternion(1, 2.3026052e-09, 1.9333544e-07, -4.398443e-16)
bones/37/rotation = Quaternion(0.7071068, -3.823849e-08, 1.4500867e-07, 0.7071068)
bones/38/rotation = Quaternion(-0.7071068, -7.0528515e-08, -7.05285e-08, 0.7071068)
bones/39/rotation = Quaternion(-5.8358944e-09, 6.4383693e-10, 0.9948094, 0.10175614)
bones/40/position = Vector3(-1.114822e-08, 0.21343614, -2.5094192e-15)
bones/40/rotation = Quaternion(-1.05795515e-07, 0.39108434, 0.92035484, -2.5864264e-08)
bones/41/position = Vector3(-6.3112755e-09, 0.16565004, 2.7069498e-09)
bones/42/rotation = Quaternion(1, 3.7652574e-09, 1.9487908e-07, 7.4505815e-09)
bones/44/position = Vector3(0.8398419, 0.7198659, -0.44755834)
bones/44/rotation = Quaternion(-0.7071068, -7.279511e-08, -7.279509e-08, 0.7071068)
bones/45/position = Vector3(0.3397288, 0.81840146, 0.41280472)
bones/45/rotation = Quaternion(0.61184645, 0.064047195, 0.46529883, 0.63642675)
bones/46/position = Vector3(-0.87740976, 1.0355499, -0.44755882)
bones/46/rotation = Quaternion(-0.7071068, -7.279511e-08, -7.279509e-08, 0.7071068)
bones/47/position = Vector3(-0.33500427, 0.82588017, 0.2744581)
bones/47/rotation = Quaternion(-0.33075312, 0.22468758, 0.90319014, -0.15609434)

[node name="1H_Axe_Offhand" parent="model/Barbarian/Rig/Skeleton3D" index="0" unique_id=1292250136]
transform = Transform3D(0.5138828, 0.5587897, 0.65090495, 0.18171768, 0.6706309, -0.7191881, -0.838392, 0.48785973, 0.24308378, 0.2611935, 0.84299845, 0.56551284)

[node name="Barbarian_Round_Shield" parent="model/Barbarian/Rig/Skeleton3D" index="1" unique_id=2101318940]
transform = Transform3D(0.5138836, 0.55878824, 0.65090555, 0.18172, 0.6706305, -0.7191878, -0.83839095, 0.48786178, 0.24308312, 0.3535534, 0.7199582, 0.5954552)

[node name="1H_Axe" parent="model/Barbarian/Rig/Skeleton3D" index="2" unique_id=1411469389]
transform = Transform3D(0.22091924, 0.76197195, 0.60876286, 0.617506, 0.37385654, -0.692038, -0.75490355, 0.5287997, -0.3879305, -0.25192532, 0.70376635, 0.3663669)

[node name="2H_Axe" parent="model/Barbarian/Rig/Skeleton3D" index="3" unique_id=1293389980]
transform = Transform3D(0.22091924, 0.76197195, 0.60876286, 0.617506, 0.37385654, -0.692038, -0.75490355, 0.5287997, -0.3879305, -0.25192532, 0.70376635, 0.3663669)

[node name="Mug" parent="model/Barbarian/Rig/Skeleton3D" index="4" unique_id=866335581]
transform = Transform3D(0.22091924, 0.76197195, 0.60876286, 0.617506, 0.37385654, -0.692038, -0.75490355, 0.5287997, -0.3879305, -0.35562164, 0.49986613, 0.5673827)

[node name="Barbarian_Hat" parent="model/Barbarian/Rig/Skeleton3D" index="5" unique_id=447066638]
transform = Transform3D(1, -1.4901161e-08, 4.470347e-08, 1.117587e-08, 0.9987391, -0.050199173, -5.960463e-08, 0.050199196, 0.9987392, 0.02874156, 1.183478, -0.07715835)

[node name="Barbarian_Cape" parent="model/Barbarian/Rig/Skeleton3D" index="6" unique_id=681292629]
transform = Transform3D(0.9659258, 0.031580124, -0.25688517, -1.645845e-08, 0.992528, 0.12201618, 0.25881904, -0.11785857, 0.9587085, 0.027932828, 1.1836368, -0.07286467)

[node name="AnimationPlayer" parent="model/Barbarian" index="1" unique_id=1781388382]
autoplay = &"Idle"

[node name="CollisionShape3D" type="CollisionShape3D" parent="." unique_id=2096916123]
transform = Transform3D(1, 0, 0, 0, 1, 0, 0, 0, 1, 0, 1.2254463, 0)
shape = SubResource("CapsuleShape3D_1n6lp")

[node name="VisionRay" type="RayCast3D" parent="." unique_id=268776758]
transform = Transform3D(1, 0, 0, 0, 1, 0, 0, 0, 1, 0, 1.5732508, 0)
target_position = Vector3(0, 0, -10)
collision_mask = 3

[node name="NavigationAgent3D" type="NavigationAgent3D" parent="." unique_id=1235910910]
debug_enabled = true
debug_use_custom = true
debug_path_custom_color = Color(0.07123137, 0.07123139, 0.07123137, 1)

[editable path="model/Barbarian"]
